DIST_COEF = np.array([-3.20678032e+01, -6.02849983e-03, -3.21918860e-03, -7.12706263e-02, 2.41369510e-07])
CAM_MATRIX = np.array([[8.84126845e+03, 0.00000000e+00, 3.20129093e+02],
                       [0.00000000e+00, 8.73308727e+03, 2.40511239e+02],
                       [0.00000000e+00, 0.00000000e+00, 1.00000000e+00]])
CAM_WIDTH = 640
CAM_HEIGHT = 480
DEG_TOLERANCE = 2
NEIGHBORS = 1
SURF_OCTAVES = 4
SURF_LAYERS = 2
SURF_UPRIGHT = 1
SURF_EXTENDED = 1
RATIO_TEST = 0.7
CROP_WIDTH = 400
CROP_HEIGHT = 300
FPS = 25
ZOOM = 0.975
CLAHE = False
FLANN = False
